0
0
0
0
0
0
0
0
0
0
0
0
0
0
0
0
0
0
0
0
0
0
0
0
0
0
0
0
4
3
3
2
2
2
3
3
3
3
3
3
3
3
4
0
0
0
0
0
0
0
0
4
17
32
33
32
32
32
30
30
30
30
30
34
34
34
31
4
0
0
0
0
0
0
0
12
32
33
33
32
32
30
30
30
30
30
30
34
31
31
34
17
4
0
0
0
0
0
4
32
33
33
32
32
30
30
30
30
30
30
30
30
34
31
31
34
12
4
0
0
0
4
31
33
33
33
32
30
30
30
30
30
30
30
30
30
30
34
31
31
34
12
0
0
0
0
17
32
33
33
32
30
30
30
30
30
30
30
30
30
30
34
31
31
34
17
4
0
0
0
4
17
32
33
32
32
30
30
30
30
30
30
30
30
30
31
31
34
31
4
0
0
0
0
0
4
34
32
32
32
30
30
30
30
30
30
30
30
34
31
34
31
3
0
0
0
0
0
0
0
4
30
32
32
32
30
30
30
30
30
30
30
31
31
31
3
0
0
0
0
0
0
0
0
0
3
32
32
32
30
30
30
30
30
30
34
31
34
3
0
0
0
0
0
0
0
0
0
0
0
12
32
32
32
30
30
30
30
30
34
34
2
0
0
0
0
0
0
0
0
0
0
0
0
0
12
32
32
30
30
30
30
34
34
12
0
0
0
0
0
0
0
0
0
0
0
0
0
0
4
17
32
30
30
30
30
30
12
0
0
0
0
0
0
0
0
0
0
0
0
0
0
0
0
4
34
32
30
30
30
12
4
0
0
0
0
0
0
0
0
0
0
0
0
0
0
0
0
0
4
30
30
30
12
4
0
0
0
0
0
0
0
0
0
0
0
0
0
0
0
0
0
0
0
3
30
17
4
0
0
0
0
0
0
0
0
0
0
0
0
0
0
0
0
0
0
0
0
0
3
4
0
0
0
0
0
0
0
0
0
0
0
0
0
0
0
0
0
0
0
0
0
0
0
0
0
0
0
0
0
0
0
0
0
0
0
