0
0
0
0
0
0
0
0
0
0
0
0
0
0
0
0
0
0
0
0
0
0
0
0
0
0
0
0
0
0
0
0
0
0
0
0
0
0
0
0
0
3
f
3f
3f
3f
3f
3f
3f
3f
3f
3f
f
2
0
4
0
0
0
0
0
0
0
0
0
0
0
0
0
0
4
1f
10
e
4
1
3f
3f
3f
3f
3f
3f
3f
d
4
3
f
e
3
0
0
0
0
0
0
0
0
0
0
0
0
4
1
41
41
9
3
4
3
1
1
1
1
1
1
4
4
d
9
9
44
4
0
0
0
0
0
0
0
0
0
0
0
4
41
41
41
41
d
3
4
4
4
4
4
4
4
4
e
42
9
42
9
43
4
0
0
0
0
0
0
0
0
0
4
1b
41
41
41
41
9
42
42
42
44
44
44
44
44
44
42
9
9
9
42
9
e
0
0
0
0
0
0
0
0
0
e
41
41
41
41
40
40
40
40
40
41
41
41
41
41
9
9
9
9
9
9
9
42
4
0
0
0
0
0
0
0
4
40
40
40
40
40
40
40
40
40
40
40
41
41
41
41
40
40
40
40
40
40
42
9
43
4
0
0
0
0
0
4
10
40
40
40
40
40
40
40
40
40
40
40
40
40
40
40
40
40
40
40
40
40
40
42
9
3
0
0
0
0
0
f
40
40
40
40
40
40
40
40
40
40
40
40
40
40
40
40
40
40
40
40
40
40
40
40
40
44
4
0
0
0
4
e
11
f
f
f
f
f
f
f
f
f
f
f
f
f
f
f
f
f
f
f
1f
f
f
f
f
f
4
4
0
0
0
0
0
0
0
0
0
0
0
0
0
0
0
0
0
0
0
0
0
0
0
0
0
0
0
0
0
0
0
0
0
